13
C calcd
position
15a
scaled shifts
13
15b
1
40.56
40.97
2
27.05
28.56
3
22.15
22.53
4
34.93
37.92
5
58.27
58.34
6
41.39
39.27
7
36.06
34.78
8
41.01
41.11
9
56.48
57.31
10
40.18
41.75
11
33.74
32.35
12
39.09
39.35
13
63.03
63.21
14
39.54
39.5
15
24.46
24.43
16
24.25
24.33
17
41.07
41.39
product of probabilties
Bayes’s theorem probability (%)
C expt 15a 15b 15a 15b 15a 15b
40.62
24.75
18.93
33.71
56.91
39.54
33.60
41.59
59.50
36.73
31.44
36.19
66.62
39.54
20.11
21.19
43.21 40.38
24.49
18.65
33.46
56.70
39.30
33.35
41.35
59.29
36.49
31.19
35.95
66.43
39.30
19.84
20.92
42.97 -0.38
-1.55
-1.97
-0.89
0.81
-0.46
-0.90
-0.31
1.00
-0.67
-1.06
-0.71
1.52
-0.46
-1.89
-1.81
-0.19 -0.62
-1.81
-2.25
-1.14
0.60
-0.70
-1.15
-0.55
0.79
-0.91
-1.31
-0.95
1.33
-0.70
-2.16
-2.08
-0.43 0.44
0.26
0.21
0.35
0.37
0.42
0.35
0.45
0.34
0.39
0.33
0.38
0.26
0.42
0.22
0.22
0.47
8.13 × 10 -9
79.5 0.40
0.22
0.18
0.32
0.40
0.38
0.31
0.41
0.37
0.35
0.29
0.34
0.29
0.38
0.18
0.19
0.43
2.09 ×
